394517571,1
394517573,0
394517575,1
394517586,0
394517626,0
394517631,1
394517637,0
394517643,0
394517649,0
394517654,1
394517658,0
394517665,1
394517685,1
394517749,0
394517808,1
394517839,1
394517844,0
394517860,0
394517878,1
394517879,1
394517881,1
394517883,1
394517892,1
394517898,1
394517909,0
394517915,0
394517935,0
394517941,1
394517944,1
394517947,0
394517948,1
394517953,0
394517957,1
394517960,0
394517986,0
394518027,0
394518037,0
394518048,1
394518049,1
394518053,1
394518071,0
394518076,1
394518077,0
394518079,0
394518108,1
394518109,1
394518115,1
394518117,1
394518129,0
394518139,0
394518143,0
394518148,1
394518149,0
394518169,1
394518179,0
394518183,1
394518231,0
394518248,0
394518270,1
394518272,0
394518278,1
394518280,1
394518287,1
394518290,0
394518301,1
394518315,0
394518335,0
394518348,1
394518367,0
394518373,1
394518374,0
394518378,1
394518391,0
394518416,1
394518417,1
394518424,0
394518436,0
394518441,1
394518456,1
394518470,1
394518473,0
394518502,1
394518514,1
394518523,1
394518528,1
394518535,1
394518552,0
394518575,0
394518588,0
394518591,1
394518594,0
394518609,1
394518615,1
394518621,1
394518627,0
394518647,1
394518657,1
394518672,1
394518676,1
394518687,1
394518692,1
394518694,0
394518695,0
394518696,1
394518699,0
394518704,1
394518705,0
394518708,1
394518718,0
394518722,0
394518726,0
394518729,0
394518737,1
394518745,1
394518786,0
394518793,1
394518817,0
394518834,0
394518877,0
394518878,1
394518884,0
394518896,0
394518902,0
394518903,1
394518908,0
394518909,0
394518932,1
394518935,0
394518947,0
394518962,1
394518967,1
394518975,1
394518977,0
394518983,0
394518985,0
394519005,1
394519011,1
394519017,0
394519028,0
394519047,0
394519056,0
394519058,1
394519060,0
394519061,0
394519067,0
394519087,0
394519088,0
394519090,1
394519092,0
394519095,1
394519099,0
394519117,0
394519141,0
394519190,0
394519192,1
394519197,0
394519198,0
394519215,0
394519236,1
394519250,0
394519260,1
394519276,0
394519283,1
394519290,0
394519299,0
394519302,0
394519305,0
394519314,0
394519325,1
394519328,1
394519335,1
394519343,0
394519362,0
394519371,0
394519373,1
394519377,0
394519381,1
394519398,1
394519415,1
394519426,1
394519436,1
394519445,1
394519446,0
394519448,0
394519458,1
394519477,1
394519541,0
394519545,1
394519559,0
394519572,0
394519590,1
394519601,0
394519606,0
394519609,0
394519616,0
394519641,0
394519647,0
394519653,0
394519665,0
394519675,0
394519684,1
394519686,1
394519689,0
394519698,0
394519699,0
394519709,1
394519731,0
394519733,0
394519737,1
394519741,0
394519745,1
394519750,1
394519765,0
394519772,1
394519785,0
394519809,0
394519813,1
394519814,1
394519818,0
394519819,0
394519830,0
394519837,1
394519839,1
394519856,0
394519874,0
394519891,1
394519895,0
394519901,0
394519929,0
394519948,1
394519961,0
394519967,0
394519978,1
394519979,0
394519981,0
394519986,1
394519995,0
394519996,0
394520003,1
394520014,0
394520023,1
394520048,0
394520062,0
394520076,0
394520092,0
394520110,1
394520111,1
394520117,1
394520121,1
394520145,0
394520157,1
394520167,1
394520203,0
394520212,1
394520219,1
394520226,1
394520238,1
394520241,0
394520282,0
394520290,0
394520304,0
394520309,1
394520314,0
394520318,0
394520350,0
394520370,0
394520402,0
394520406,0
394520416,0
394520419,0
394520429,0
394520443,0
394520461,0
394520464,1
394520496,0
394520501,0
394520502,0
394520503,0
394520505,0
394520510,0
394520525,1
394520551,0
394520558,1
394520562,1
394520567,1
394520569,0
394520572,1
394520590,0
394520603,1
394520608,0
394520617,1
394520619,1
394520621,0
394520622,0
394520661,0
394520689,1
394520698,1
394520711,0
394520718,0
394520723,1
394520734,1
394520740,1
394520752,0
394520753,0
394520768,1
394520777,0
394520791,1
394520792,0
394520798,1
394520807,1
394520810,0
394520815,1
394520819,0
394520823,1
394520826,1
394520829,0
394520846,0
394520850,1
394520872,1
394520878,0
394520882,1
394520886,1
394520889,0
394520893,0
394520927,0
394520935,0
394520948,0
394520951,0
394520969,0
394520973,1
394520978,0
394520982,1
394520990,1
394521003,1
394521014,1
394521016,1
394521026,0
394521030,0
394521047,0
394521062,0
394521063,1
394521073,0
394521079,1
394521086,1
394521091,0
394521096,0
394521100,0
394521102,1
394521107,1
394521119,1
394521121,1
394521124,0
394521146,1
394521157,0
394521232,1
394521260,1
394521262,0
394521267,1
394521269,1
394521288,0
394521298,1
394521302,1
394521330,0
394521333,1
394521337,1
394521340,1
394521357,0
394521371,1
394521381,1
394521383,0
394521422,0
394521437,0
394521441,0
394521458,1
394521465,1
394521469,0
394521480,0
394521484,0
394521489,1
394521507,0
394521511,1
394521521,1
394521533,1
394521536,1
394521542,1
394521551,0
394521555,0
394521560,0
394521584,1
394521594,0
394521606,0
394521617,1
394521647,0
394521655,1
394521661,1
394521665,1
394521684,0
394521688,1
394521691,0
394521728,0
394521738,0
394521742,0
394521756,0
394521761,1
394521772,0
394521780,1
394521782,1
394521785,0
394521791,0
394521792,0
394521821,0
394521835,0
394521853,0
394521860,1
394521862,0
394521880,0
394521902,1
394521906,0
394521947,0
394521949,1
394521963,1
394521964,1
394521979,0
394521986,0
394522003,0
394522039,0
394522050,0
394522062,1
394522063,1
394522080,0
394522089,0
394522090,0
394522091,1
394522092,0
394522096,1
394522107,0
394522110,1
394522140,0
394522141,0
394522143,0
394522150,0
394522188,0
394522209,1
394522223,0
394522227,1
394522233,0
394522258,0
394522262,0
394522286,1
394522298,1
394522337,1
394522340,0
394522345,0
394522346,0
394522347,0
394522354,0
394522367,1
394522378,0
394522382,0
394522389,0
394522395,0
394522399,1
394522423,1
394522451,1
394522480,0
394522485,1
394522498,0
394522523,0
394522540,1
394522546,0
394522550,1
394522582,1
394522605,0
394522612,0
394522616,1
394522644,1
394522647,0
394522649,0
394522660,1
394522688,1
394522697,0
394522698,1
394522699,0
394522715,1
394522717,0
394522722,0
394522732,0
394522738,0
394522745,1
394522751,1
394522757,0
394522762,1
394522774,0
394522778,0
394522799,0
394522811,1
394522820,0
394522830,0
394522843,0
394522878,0
394522884,1
394522886,0
394522947,0
394522955,1
394522998,0
394523015,0
394523033,0
394523048,0
394523052,0
394523098,1
394523214,0
394523232,1
394523235,0
394523287,1
394523296,0
394523303,0
394523315,0
394523317,0
394523323,1
394523331,1
394523340,0
394523377,1
394523378,0
394523387,1
394523398,0
394523438,0
394523505,0
394523523,0
394523565,0
394523568,0
394523571,0
394523579,0
394523585,1
394523597,1
394523601,1
394523622,0
394523631,0
394523632,1
394523642,0
394523724,1
394523748,0
394523757,0
394523835,0
394523844,0
394523848,0
394523880,0
394523906,0
394523919,0
394523928,0
394523930,1
394523935,1
394523939,0
394523941,0
394523969,1
394523972,0
394523977,0
394523985,0
394524020,0
394524024,1
394524078,1
394524096,1
394524099,0
394524102,0
394524112,0
394524142,0
394524172,0
394524179,0
394524184,0
394524187,0
394524194,1
394524195,0
394524211,0
394524218,0
394524221,1
394524225,1
394524235,1
394524239,0
394524243,0
394524247,0
394524255,1
394524268,1
394524284,1
394524288,1
394524293,0
394524295,1
394524298,1
394524304,1
394524326,0
394524335,1
394524337,0
394524350,1
394524377,1
394524384,1
394524389,0
394524399,1
394524408,0
394524410,0
394524414,0
394524439,0
394524445,1
394524446,1
394524460,0
394524490,0
394524493,0
394524529,0
394524538,0
394524549,1
394524552,1
394524555,0
394524558,1
394524586,0
394524592,0
394524615,0
394524627,0
394524644,0
394524654,0
394524656,0
394524681,0
394524733,1
394524746,0
394524756,1
394524781,1
394524784,0
394524791,0
394524817,0
394524827,0
394524828,0
394524838,0
394524859,1
394524888,0
394524908,0
394524909,1
394524914,1
394524926,1
394524939,1
394524951,0
394524952,1
394524985,0
394524998,0
394525003,0
394525005,0
394525032,1
394525039,1
394525053,0
394525058,0
394525060,0
394525071,1
394525095,1
394525115,1
394525121,0
394525123,0
394525149,0
394525159,0
394525168,0
394525182,0
394525189,1
394525190,1
394525191,0
394525202,1
394525207,0
394525223,0
394525232,0
394525233,1
394525250,1
394525252,1
394525261,1
394525282,0
394525283,0
394525293,1
394525311,0
394525319,1
394525341,1
394525346,1
394525350,0
394525392,0
394525397,1
394525398,0
394525412,1
394525425,0
394525437,0
394525462,1
394525473,0
394525481,0
394525483,1
394525512,1
394525515,0
394525517,0
394525519,1
394525524,1
394525537,1
394525548,1
394525551,0
394525577,0
394525590,1
394525632,0
394525635,0
394525637,1
394525665,1
394525678,0
394525703,0
394525711,1
394525721,1
394525740,1
394525783,0
394525784,0
394525811,0
394525833,1
394525837,0
394525861,0
394525865,1
394525867,0
394525872,0
394525876,1
394525902,0
394525918,0
394525924,0
394525926,0
394525931,0
394525940,0
394525950,0
394525992,0
394526013,1
394526019,1
394526054,1
394526056,0
394526080,0
394526081,0
394526092,0
394526121,1
394526159,1
394526204,1
394526218,0
394526221,1
394526229,1
394526239,1
394526258,1
394526259,0
394526298,1
394526301,0
394526306,1
394526307,1
394526331,0
394526350,0
394526351,1
394526357,0
394526359,0
394526361,1
394526362,1
394526363,0
394526372,1
394526424,0
394526440,0
394526457,1
394526462,1
394526491,1
394526495,1
394526496,0
394526499,0
394526510,1
394526523,0
394526531,1
394526539,0
394526541,1
394526562,1
394526563,1
394526567,0
394526610,0
394526620,0
394526622,1
394526642,1
394526656,0
394526701,0
394526720,1
394526731,1
394526742,0
394526764,0
394526766,1
394526775,0
394526783,0
394526802,1
394526804,1
394526825,0
394526826,1
394526829,0
394526835,1
394526926,1
394526952,0
394526956,0
394526978,1
394526996,0
394527020,1
394527024,1
394527037,1
394527039,0
394527048,0
394527059,0
394527065,0
394527066,0
394527077,1
394527103,0
394527164,1
394527188,1
394527209,0
394527223,1
394527227,0
394527235,0
394527236,0
394527244,0
394527251,1
394527261,1
394527267,1
394527272,0
394527281,0
394527283,0
394527286,0
394527288,0
394527290,0
394527304,0
394527312,0
394527313,0
394527327,1
394527355,0
394527365,1
394527372,0
394527377,0
394527381,0
394527403,0
394527425,0
394527426,0
394527453,0
394527457,0
394527460,1
394527462,1
394527478,1
394527493,0
394527505,1
394527510,0
394527573,1
394527582,0
394527583,0
394527606,0
394527607,0
394527624,1
394527636,0
394527645,0
394527646,0
394527666,0
394527672,1
394527683,0
394527687,1
394527694,1
394527700,0
394527702,1
394527704,0
394527729,1
394527733,1
394527737,0
394527747,1
394527762,0
394527767,0
394527772,1
394527774,1
394527778,0
394527790,1
394527857,0
394527859,1
394527862,0
394527873,1
394527874,0
394527877,0
394527880,0
394527908,0
394527939,0
394527950,0
394527962,0
394527967,0
394527969,0
394527980,0
394527988,0
394527995,0
394527998,0
394528021,1
394528037,0
394528043,0
394528064,0
394528095,1
394528105,0
394528126,0
394528140,1
394528142,0
394528145,0
394528157,0
394528162,0
394528198,0
394528206,0
394528211,0
394528213,0
394528214,1
394528215,0
394528218,1
394528234,1
394528260,0
394528274,0
394528287,1
394528290,0
394528302,0
394528305,1
394528306,0
394528312,0
394528314,0
394528315,1
394528330,0
394528338,0
394528357,0
394528361,0
394528389,0
394528390,0
394528398,0
394528416,0
394528421,1
394528439,0
394528441,1
394528454,1
394528455,0
394528460,0
394528479,0
394528482,0
394528497,1
394528499,0
394528525,0
394528543,0
394528563,0
394528564,0
394528595,0
394528597,0
394528599,0
394528611,0
394528614,0
394528679,0
394528687,0
394528699,0
394528731,0
394528733,1
394528741,0
394528748,0
394528758,0
394528764,0
394528774,1
394528778,1
394528816,1
394528823,1
394528833,1
394528857,1
394528883,0
394528893,0
394528899,0
394528900,0
394528915,1
394528927,0
394528930,0
394528944,0
394528947,0
394528954,1
394528956,0
394528961,1
394528973,1
394528974,0
394528975,0
394528979,0
394528981,0
394528996,1
394529002,0
394529007,1
394529008,0
394529012,0
394529027,1
394529036,0
394529052,1
394529057,1
394529060,0
394529078,0
394529090,0
394529092,1
394529108,0
394529129,0
394529136,1
394529153,0
394529158,1
394529180,0
394529191,1
394529197,1
394529198,0
394529205,0
394529229,1
394529243,1
394529263,0
394529277,0
394529283,0
394529286,0
394529291,0
394529296,1
394529297,0
394529298,0
394529301,0
394529303,1
394529334,0
394529352,1
394529373,1
394529386,0
394529396,1
394529397,0
394529407,1
394529414,0
394529416,1
394529448,1
394529470,1
394529485,1
394529487,0
394529490,1
394529502,0
394529533,0
394529545,1
394529546,1
394529548,1
394529554,0
394529561,0
394529572,0
394529610,1
394529612,1
394529621,1
394529625,1
394529629,1
394529642,0
394529655,0
394529656,1
394529671,1
394529674,0
394529764,1
394529794,0
394529807,0
394529815,0
