394517571,0
394517573,13.984
394517575,3.33333333333
394517586,2.564
394517626,19.1740890688
394517631,10.2105263158
394517637,5.682
394517643,0.681818181818
394517649,7.79611650485
394517654,0
394517658,75.706
394517665,22.125
394517685,0
394517749,1.08823529412
394517808,4.42907801418
394517839,6.18333333333
394517844,5.14285714286
394517860,29.4293193717
394517878,0
394517879,0
394517881,9.792
394517883,0
394517892,39.0
394517898,0
394517909,0.0
394517915,4.8
394517935,0
394517941,3.0
394517944,3.0
394517947,0.0
394517948,0
394517953,2.55555555556
394517957,8.0
394517960,9.42
394517986,0.0
394518027,0.0
394518037,3.504
394518048,39.0
394518049,1.768
394518053,0
394518071,5.682
394518076,0
394518077,1.66666666667
394518079,13.875
394518108,8.0
394518109,0
394518115,0
394518117,0
394518129,3.12714776632
394518139,0.0
394518143,4.954
394518148,2.11333333333
394518149,0.0
394518169,2.82428115016
394518179,9.05263157895
394518183,3.0
394518231,3.82608695652
394518248,0.833333333333
394518270,0.0
394518272,0.0
394518278,0
394518280,0
394518287,3.0
394518290,10.098
394518301,0
394518315,8.17647058824
394518335,0.833333333333
394518348,9.596
394518367,3.0
394518373,3.41
394518374,7.79611650485
394518378,0.0
394518391,0.508
394518416,8.0
394518417,0
394518424,0.0
394518436,4.66
394518441,0.75
394518456,0
394518470,16.9830508475
394518473,5.958
394518502,1.0
394518514,0
394518523,0
394518528,0
394518535,0.473684210526
394518552,0.0
394518575,3.82608695652
394518588,7.54
394518591,4.0
394518594,4.188
394518609,1.5
394518615,1.0
394518621,0
394518627,1.0
394518647,17.0
394518657,22.7272727273
394518672,18.1555555556
394518676,9.596
394518687,16.9830508475
394518692,10.0344827586
394518695,0.681818181818
394518696,9.596
394518699,4.952
394518704,34.8823529412
394518705,0.59891598916
394518718,0.0
394518722,0.488372093023
394518726,1.45454545455
394518737,4.07843137255
394518745,17.0
394518793,0
394518817,3.69230769231
394518834,2.08333333333
394518877,2.294
394518878,14.4
394518884,0.727272727273
394518896,0.0
394518903,12.0
394518908,18.1428571429
394518909,0
394518932,0
394518935,0.0
394518947,13.875
394518962,8.0
394518967,0
394518975,0
394518977,2.16842105263
394518983,0.0
394518985,4.822
394519005,0.0
394519011,0.0
394519017,3.788
394519028,15.3604651163
394519056,22.8823529412
394519058,13.7247706422
394519060,9.42
394519061,0.0
394519067,0.0
394519087,0.0
394519088,0.0
394519090,7.55913978495
394519092,18.8208955224
394519095,0
394519099,0.586206896552
394519117,0.0
394519141,0.0
394519190,3.69230769231
394519192,0
394519198,0.909090909091
394519215,0.0
394519236,8.0
394519250,0.0
394519260,0
394519276,24.3989361702
394519283,0
394519290,10.2616136919
394519299,15.3604651163
394519302,2.48275862069
394519305,0.0
394519314,0.0
394519325,10.0
394519328,0
394519335,3.24561403509
394519343,0.0
394519362,4.416
394519373,0
394519381,11.6
394519398,3.24561403509
394519415,0
394519426,0
394519436,0.0
394519445,9.596
394519446,2.36363636364
394519448,75.706
394519458,0
394519477,0.0
394519545,0.0
394519559,0.0
394519572,3.79166666667
394519590,2.82428115016
394519601,6.09821428571
394519606,1.10204081633
394519609,3.69230769231
394519616,0.0
394519641,0.0
394519665,0.0
394519675,3.69230769231
394519684,0.916666666667
394519686,5.4
394519689,0.0
394519698,0
394519699,0.0
394519709,0.0
394519731,0
394519733,21.174
394519737,0
394519741,0.0
394519750,20.1428571429
394519765,0.0
394519772,0
394519785,0.606
394519813,8.0
394519814,5.0
394519818,29.1885245902
394519819,75.706
394519830,75.706
394519837,16.2941176471
394519839,0
394519856,1.31147540984
394519874,75.706
394519891,0
394519895,0.0
394519901,3.0
394519929,0.847826086957
394519948,0
394519961,1.31147540984
394519967,19.1740890688
394519978,0
394519979,0.5
394519981,21.174
394519986,5.23255813953
394519995,4.416
394519996,33.36
394520014,0.0
394520023,0
394520048,3.69230769231
394520062,0.0
394520076,26.054
394520092,0.833333333333
394520110,0
394520111,3.0
394520117,0.0
394520121,8.0
394520145,4.58227848101
394520157,9.596
394520167,12.0
394520203,0.833333333333
394520212,5.25
394520219,153.119565217
394520226,0.008
394520241,3.82608695652
394520282,26.054
394520290,0.0
394520304,0.0
394520309,3.9
394520314,5.61
394520318,13.328
394520350,3.85106382979
394520370,10.0920245399
394520402,0.833333333333
394520406,2.16842105263
394520416,1.08823529412
394520419,0.833333333333
394520429,0.0
394520461,0.833333333333
394520464,0
394520501,0.833333333333
394520502,3.79166666667
394520503,0.0
394520505,1.0
394520510,0.833333333333
394520525,0
394520551,0.0
394520558,0
394520562,0
394520567,0.5
394520569,0.0
394520572,0
394520603,7.72727272727
394520608,0.0
394520617,0
394520619,10.4285714286
394520621,5.61
394520622,0
394520689,8.0
394520711,5.61
394520718,7.72340425532
394520734,0
394520740,8.0
394520753,3.51838235294
394520768,7.72727272727
394520777,2.17721518987
394520791,15.3
394520792,0.0
394520807,6.0
394520815,0
394520819,1.56756756757
394520826,0.752336448598
394520829,0.0
394520846,0.0
394520850,0
394520872,0
394520878,4.952
394520882,6.44444444444
394520886,8.0
394520889,0.0
394520893,0.0
394520927,3.69230769231
394520935,2.16842105263
394520969,11.9189189189
394520973,0
394520978,3.726
394520982,0
394520990,0
394521003,1.90243902439
394521014,10.6136363636
394521016,0
394521026,0.857142857143
394521030,1.42105263158
394521047,0
394521062,18.8208955224
394521063,17.0
394521073,3.64705882353
394521086,0
394521091,0.0
394521096,4.38095238095
394521100,18.8208955224
394521102,0.0
394521107,0.0
394521119,0
394521121,0
394521124,3.69230769231
394521146,0.0
394521157,0.0
394521232,0
394521267,17.0
394521269,0
394521298,0
394521302,7.2
394521333,0.752336448598
394521337,8.28571428571
394521340,8.0
394521357,4.416
394521371,24.25
394521381,145.882352941
394521383,0.0
394521422,0.0
394521458,7.72727272727
394521465,0
394521469,0.0
394521507,0.0
394521521,15.0
394521533,0
394521536,0
394521551,0.0
394521560,0.0
394521584,19.6296296296
394521594,0.0
394521606,10.606741573
394521617,26.2654867257
394521647,8.5
394521661,0
394521665,11.6
394521684,4.416
394521688,0
394521691,8.33333333333
394521728,0.0
394521742,3.30769230769
394521761,9.5
394521772,2.66666666667
394521780,0
394521782,0
394521785,0.0
394521791,8.33333333333
394521821,0.0
394521835,0.0
394521853,0.0
394521862,2.98148148148
394521902,31.2121212121
394521906,0.0
394521949,7.82378854626
394521963,1.06493506494
394521964,1.54966887417
394521986,0.0
394522003,3.79166666667
394522039,3.69230769231
394522050,0.666666666667
394522062,0
394522063,61.5208333333
394522080,0.0
394522091,6.0
394522092,0.0
394522096,0
394522110,0
394522141,0.903614457831
394522150,0.0
394522188,0.0
394522209,0
394522223,18.8208955224
394522227,0
394522233,0.0
394522258,0.0
394522262,1.16666666667
394522286,0
394522298,0
394522337,0
394522345,1.0
394522346,0.0
394522347,2.36923076923
394522367,0.0
394522378,0.0
394522382,0.0
394522395,13.328
394522399,8.0
394522423,0
394522451,0
394522485,0
394522498,0.666666666667
394522540,0.5
394522546,0.0
394522550,0
394522582,0
394522605,0.666666666667
394522612,0.0
394522616,2.33333333333
394522644,0
394522649,0.0
394522660,1.0
394522688,8.0
394522697,0.0
394522698,0
394522715,60.25
394522717,0.0
394522722,0.0
394522732,0.833333333333
394522745,0
394522751,5.23255813953
394522757,0.0
394522762,0
394522774,0.0
394522778,0.0
394522799,6.0
394522811,0.5
394522820,0
394522830,0.0
394522843,0.0
394522878,1.10204081633
394522884,0.769230769231
394522886,0.666666666667
394522955,46.76
394522998,0.666666666667
394523015,0.0
394523052,0.0
394523098,0
394523214,0.0
394523232,11.6
394523235,0.0
394523287,0
394523303,0.0
394523315,6.33734939759
394523317,3.61016949153
394523323,11.6888888889
394523331,0
394523378,0.0
394523387,8.0
394523398,0.0
394523438,3.2743902439
394523505,0.833333333333
394523565,9.05263157895
394523585,4.83766233766
394523597,3.33333333333
394523622,0.0
394523632,0
394523724,0
394523748,10.6666666667
394523757,7.41666666667
394523835,13.2247191011
394523844,3.78571428571
394523880,29.4293193717
394523919,3.44
394523928,0
394523930,0
394523935,0.769230769231
394523939,0.0
394523941,2.36923076923
394523969,0
394523972,22.8823529412
394523977,3.0
394524024,3.33333333333
394524078,0
394524096,5.70909090909
394524099,1.31147540984
394524102,7.0
394524112,0.0
394524142,1.31147540984
394524172,0.0
394524179,0.0
394524187,9.19008264463
394524195,22.8823529412
394524218,0.0
394524221,0
394524225,5.33333333333
394524235,0.0
394524239,26.054
394524255,5.0
394524268,1.0
394524284,0
394524288,0
394524295,0
394524298,2.0
394524304,10.625
394524326,1.0
394524335,18.1555555556
394524337,3.61016949153
394524350,67.0
394524377,0
394524384,0
394524389,3.69230769231
394524408,1.01960784314
394524410,1.3
394524439,31.0526315789
394524445,0
394524460,0.0
394524490,0.0
394524493,0
394524529,0
394524538,0.0
394524552,21.4
394524555,3.65
394524558,0
394524586,0.0
394524592,4.66666666667
394524615,0.0
394524654,3.65
394524656,0.6875
394524681,0.705882352941
394524746,3.65
394524817,0.0
394524827,0.615384615385
394524828,1.53170731707
394524859,0
394524888,5.958
394524908,1.0
394524909,0
394524914,8.0
394524926,0
394524939,2.23880597015
394524951,0.606
394524952,0
394524985,0.0
394525005,4.5
394525032,17.0
394525039,4.16666666667
394525053,3.82608695652
394525058,10.2616136919
394525060,0.0
394525071,0
394525095,4.83766233766
394525115,0
394525123,4.63157894737
394525149,0.181818181818
394525182,0
394525189,27.0
394525190,0
394525191,3.625
394525202,0
394525207,11.9189189189
394525223,0.0
394525233,0.0
394525250,0.0
394525252,0
394525261,0
394525282,21.174
394525283,0
394525319,8.0
394525341,0
394525346,0
394525397,0
394525398,13.328
394525412,0
394525425,0.2
394525462,66.9743589744
394525481,13.328
394525483,7.72727272727
394525512,0
394525519,0.0
394525524,0
394525537,0
394525548,0.0
394525577,17.9189189189
394525590,0
394525632,0.0
394525635,0.0
394525637,8.0
394525665,7.0
394525678,0.0
394525703,0.0
394525711,8.0
394525721,4.0
394525740,4.18181818182
394525783,0.0
394525784,0.666666666667
394525833,5.5
394525837,0.0
394525865,2.0
394525876,1.0
394525902,0.0
394525918,3.33333333333
394525926,9.45323741007
394525931,13.328
394525950,0.0
394526019,0
394526054,7.86290322581
394526080,0.0
394526081,0.0
394526121,1.0
394526159,0
394526204,9.0
394526218,3.0
394526221,0
394526239,0.0
394526258,15.564516129
394526259,3.0
394526298,26.2654867257
394526301,0.0
394526306,0.2
394526331,0.0
394526350,0.0
394526351,8.07692307692
394526357,0.047619047619
394526359,4.38095238095
394526361,8.0
394526362,26.2654867257
394526363,1.3
394526372,0
394526424,26.054
394526440,1.66666666667
394526457,0
394526462,0
394526491,0
394526495,0.0
394526496,1.0
394526499,0.0
394526510,0
394526523,0.0
394526531,0.5
394526539,0.0
394526541,19.6296296296
394526562,0
394526563,1.0
394526567,0.0
394526610,11.2608695652
394526622,0.0
394526642,2.23880597015
394526701,0.414
394526720,0
394526731,0
394526742,0.166666666667
394526764,0.0
394526766,0
394526775,0.0
394526783,0.0
394526804,0
394526825,8.0
394526826,0
394526829,0.0
394526835,3.0
394526926,0
394526996,0.0
394527020,0
394527024,9.21794871795
394527037,0
394527039,10.098
394527048,12.2643678161
394527059,0.414
394527065,0.0
394527066,0.414
394527077,0
394527103,3.69230769231
394527164,0
394527188,8.59615384615
394527223,19.6296296296
394527227,0.0
394527235,0.0666666666667
394527236,0.0
394527244,0.414
394527251,10.4
394527261,0
394527267,5.70909090909
394527272,3.69230769231
394527281,0.414
394527283,1.662
394527288,0.414
394527290,0.0
394527304,0.0
394527312,3.44
394527313,10.2616136919
394527327,0
394527355,0.0
394527365,0
394527377,0
394527381,0.3
394527425,0.0
394527426,0
394527453,2.17721518987
394527460,0
394527462,0.0
394527478,43.9047619048
394527493,15.3604651163
394527505,6.05454545455
394527573,26.2654867257
394527582,11.2608695652
394527583,0.386363636364
394527606,0.0
394527607,0.0
394527624,0
394527645,0.0
394527666,0.0
394527672,19.5
394527683,4.952
394527687,5.0
394527694,0
394527702,2.23880597015
394527704,0.0
394527729,0
394527733,8.0
394527737,2.36923076923
394527747,0
394527767,15.3604651163
394527772,5.70909090909
394527774,0
394527778,0.0
394527790,0.666666666667
394527857,12.8431372549
394527859,4.18181818182
394527862,26.054
394527874,3.0
394527877,13.984
394527880,11.2608695652
394527908,3.625
394527939,7.72340425532
394527950,0.2
394527962,0.0
394527967,0
394527969,1.08823529412
394527988,2.36923076923
394527995,0.0
394528064,0.2
394528105,3.58823529412
394528126,0.0
394528140,0
394528142,0.0
394528145,0.0
394528157,2.90361445783
394528162,0.666666666667
394528206,0.0
394528213,11.2608695652
394528234,9.0
394528260,2.36923076923
394528274,0.666666666667
394528287,2.0
394528302,0.666666666667
394528305,0
394528306,0.0
394528312,0.0
394528314,0.0
394528315,0
394528330,12.3043478261
394528338,0.909090909091
394528357,1.0
394528361,0.666666666667
394528389,2.59602649007
394528390,0.0
394528398,0.666666666667
394528416,4.85416666667
394528421,7.58333333333
394528439,0.916666666667
394528441,1.0
394528454,0
394528455,1.08333333333
394528460,1.01960784314
394528482,4.23728813559
394528497,8.85714285714
394528499,1.01960784314
394528525,0.0
394528543,0.0
394528564,0.833333333333
394528595,18.8208955224
394528611,2.36923076923
394528687,0.508
394528731,0.0
394528733,0
394528748,0.0
394528758,1.47521865889
394528764,0.567901234568
394528774,0
394528778,1.5
394528823,0
394528833,0.5
394528857,0
394528893,0.0
394528900,0.0666666666667
394528927,31.0526315789
394528944,7.10588235294
394528947,0.0
394528954,4.0
394528961,0
394528973,0.416666666667
394528975,1.0
394528979,0.0
394528981,0.0
394528996,0
394529002,0.0
394529007,0
394529008,10.6666666667
394529012,0.0
394529027,0
394529036,0.0
394529052,0.0
394529057,0
394529060,1.31147540984
394529078,0.606
394529092,5.70909090909
394529129,3.80952380952
394529153,0.886
394529158,0.5
394529180,7.72222222222
394529191,0
394529197,0
394529198,0.0
394529229,0
394529243,0
394529263,0.0
394529277,0.0
394529283,0
394529291,0.0
394529297,3.14285714286
394529303,0
394529334,13.984
394529352,1.5
394529373,0
394529386,0.857142857143
394529396,0
394529397,11.5454545455
394529407,0
394529414,0.0
394529448,0
394529470,0.416666666667
394529487,0.0
394529490,5.25
394529502,1.3
394529545,0
394529546,6.2
394529554,1.08823529412
394529561,0.606
394529572,0.0
394529610,1.5
394529612,0
394529621,3.0
394529625,0
394529629,9.596
394529642,0.857142857143
394529656,0.0
394529671,0.5
394529764,0.0
394529794,0.0
394529807,3.0
394529815,0.0
